003640.png 
049790.jpg,137, 300, 0, 94, 450, 2, 64, 96, 0, 107, 288, 0, 123, 99, 2, 70, 151, 2, 131, 183, 2, 107, 445, 0, 106, 418, 1, 120, 398, 1, 73, 112, 0, 129, 267, 1, 143, 203, 2, 84, 454, 0, 86, 333, 1,[(64, 96, 143, 96, 143, 203, 64, 203, 64, 96)] 
731747.png,269, 108, 1, 212, 167, 0, 222, 77, 1, 201, 293, 2, 211, 192, 1, 228, 117, 0, 168, 67, 0, 194, 142, 0, 186, 337, 0, 144, 81, 2, 200, 264, 2, 205, 130, 2, 228, 273, 0, 230, 411, 0, 189, 129, 1,[(144, 81, 269, 81, 269, 108, 144, 108, 144, 81)] 
473622.png 
303997.png,264, 300, 2, 146, 108, 2, 161, 85, 2, 279, 103, 1, 264, 145, 0, 178, 196, 0, 215, 266, 1, 275, 139, 2, 160, 266, 1, 189, 185, 2, 215, 166, 1, 220, 249, 2, 220, 75, 0, 190, 202, 2, 168, 168, 2,[(146, 108, 279, 108, 279, 103, 146, 103, 146, 108)] 
794528.png,242, 84, 0, 94, 139, 2, 163, 292, 0, 220, 160, 2, 211, 309, 1, 172, 321, 0, 262, 385, 2, 268, 256, 1, 192, 241, 0, 165, 89, 2, 255, 191, 1, 200, 192, 0, 178, 425, 2, 133, 322, 0, 190, 434, 2,[(94, 139, 268, 139, 268, 256, 94, 256, 94, 139)] 
123869.jpg,182, 347, 0, 231, 176, 2, 261, 137, 1, 226, 231, 0, 264, 104, 1, 200, 122, 2, 218, 372, 0, 273, 393, 0, 158, 119, 2, 201, 407, 1, 305, 105, 1, 185, 209, 2, 173, 96, 0, 228, 385, 1, 261, 362, 0,[(158, 119, 305, 119, 305, 105, 158, 105, 158, 119)] 
083823.png 
682902.png,163, 339, 1, 226, 204, 0, 214, 286, 2, 157, 208, 2, 247, 295, 0, 299, 442, 0, 211, 219, 0, 221, 307, 0, 255, 495, 0, 296, 143, 1, 185, 291, 2, 254, 492, 1, 201, 159, 2, 263, 179, 2, 235, 386, 2,[(157, 208, 299, 208, 299, 442, 157, 442, 157, 208)] 
403277.png 
336738.jpg,159, 413, 0, 192, 317, 1, 160, 138, 0, 176, 349, 1, 248, 411, 0, 201, 423, 2, 210, 148, 1, 312, 414, 1, 137, 141, 0, 131, 355, 2, 199, 426, 2, 253, 146, 1, 251, 327, 2, 266, 227, 1, 205, 335, 0,[(131, 355, 312, 355, 312, 414, 131, 414, 131, 355)] 
354447.png,277, 395, 0, 212, 223, 1, 104, 156, 0, 158, 238, 2, 283, 412, 0, 93, 206, 2, 112, 270, 1, 174, 295, 2, 243, 219, 2, 123, 193, 2, 160, 298, 2, 163, 234, 1, 179, 358, 0, 212, 255, 2, 143, 282, 1,[(93, 206, 283, 206, 283, 412, 93, 412, 93, 206)] 
739196.png,147, 385, 1, 217, 232, 2, 122, 184, 2, 97, 254, 2, 232, 200, 0, 158, 245, 0, 194, 445, 2, 206, 341, 1, 188, 209, 1, 203, 292, 2, 198, 168, 2, 114, 374, 0, 162, 376, 1, 76, 251, 1, 244, 283, 1,[(76, 251, 244, 251, 244, 283, 76, 283, 76, 251)] 
039383.png,222, 330, 1, 189, 169, 1, 140, 92, 2, 90, 78, 1, 100, 318, 2, 253, 337, 1, 200, 457, 2, 193, 119, 2, 193, 85, 1, 163, 197, 0, 265, 73, 0, 84, 328, 0, 281, 220, 0, 151, 462, 1, 234, 116, 1,[(84, 328, 281, 328, 281, 220, 84, 220, 84, 328)] 
617674.png 
939658.png 
080202.png,275, 384, 2, 180, 421, 1, 139, 256, 1, 281, 240, 2, 108, 196, 1, 236, 118, 0, 120, 75, 2, 139, 294, 2, 258, 361, 0, 116, 270, 1, 149, 312, 2, 197, 66, 0, 146, 475, 0, 184, 307, 1, 231, 178, 2,[(108, 196, 281, 196, 281, 240, 108, 240, 108, 196)] 
457481.png,238, 114, 1, 277, 205, 1, 268, 351, 0, 222, 449, 0, 235, 457, 0, 206, 411, 1, 167, 129, 1, 201, 383, 0, 269, 112, 1, 268, 499, 2, 212, 464, 1, 258, 382, 0, 237, 473, 1, 229, 318, 0, 251, 292, 2,[(167, 129, 277, 129, 277, 205, 167, 205, 167, 129)] 
743881.png 
397023.png 
529922.jpg,128, 471, 0, 211, 359, 0, 274, 350, 0, 134, 99, 0, 249, 373, 0, 141, 398, 1, 261, 419, 1, 132, 429, 0, 227, 132, 1, 97, 361, 0, 183, 224, 0, 241, 274, 2, 183, 414, 0, 253, 167, 1, 230, 312, 1,[(97, 361, 274, 361, 274, 350, 97, 350, 97, 361)] 
128002.jpg,236, 340, 1, 204, 177, 0, 184, 155, 1, 234, 228, 0, 296, 307, 1, 236, 143, 2, 201, 164, 1, 204, 269, 0, 209, 186, 1, 196, 283, 1, 193, 241, 2, 185, 188, 0, 200, 175, 0, 165, 274, 1, 225, 120, 0,[(165, 274, 296, 274, 296, 307, 165, 307, 165, 274)] 
453774.jpg,325, 393, 0, 325, 393, 0, 325, 393, 0, 325, 393, 0, 325, 393, 0, 325, 393, 0, 325, 393, 0, 325, 393, 0, 325, 393, 0, 325, 393, 0, 325, 393, 0, 325, 393, 0, 325, 393, 0, 325, 393, 0, 325, 393, 0,[(325, 393, 325, 393, 325, 393, 325, 393, 325, 393)] 
469258.png,174, 246, 0, 213, 331, 1, 149, 224, 1, 303, 328, 2, 194, 145, 2, 224, 373, 2, 199, 304, 0, 172, 147, 1, 268, 234, 1, 276, 201, 0, 205, 398, 1, 220, 383, 0, 208, 85, 0, 199, 153, 1, 183, 287, 2,[(149, 224, 303, 224, 303, 328, 149, 328, 149, 224)] 
549397.png 
423418.png,198, 96, 1, 123, 87, 1, 70, 199, 2, 147, 145, 0, 109, 121, 1, 208, 94, 1, 184, 135, 2, 145, 192, 1, 131, 239, 0, 213, 97, 2, 117, 276, 0, 169, 190, 2, 209, 87, 0, 172, 186, 0, 168, 272, 1,[(70, 199, 213, 199, 213, 97, 70, 97, 70, 199)] 
313940.png 
734108.jpg,276, 168, 1, 249, 257, 1, 171, 319, 2, 248, 225, 2, 200, 134, 1, 187, 382, 2, 222, 188, 2, 305, 179, 1, 267, 235, 2, 281, 244, 0, 217, 320, 0, 208, 358, 2, 192, 394, 1, 223, 396, 0, 244, 211, 2,[(171, 319, 305, 319, 305, 179, 171, 179, 171, 319)] 
512448.png,147, 190, 0, 312, 221, 0, 277, 273, 0, 151, 221, 2, 288, 259, 0, 251, 267, 1, 158, 185, 2, 289, 193, 1, 238, 238, 2, 223, 184, 0, 276, 247, 0, 194, 213, 1, 175, 264, 1, 173, 199, 1, 256, 194, 2,[(147, 190, 312, 190, 312, 221, 147, 221, 147, 190)] 
927167.png,191, 489, 2, 188, 396, 1, 196, 228, 1, 215, 205, 0, 195, 319, 2, 239, 107, 0, 161, 120, 0, 117, 460, 1, 82, 375, 2, 151, 324, 0, 228, 169, 0, 198, 346, 2, 231, 183, 0, 172, 418, 1, 236, 391, 0,[(82, 375, 239, 375, 239, 107, 82, 107, 82, 375)] 
154048.png 
222023.png,289, 58, 2, 164, 271, 0, 215, 168, 0, 168, 176, 0, 259, 214, 2, 173, 479, 1, 244, 72, 0, 308, 175, 2, 244, 466, 0, 221, 332, 2, 218, 408, 0, 288, 138, 0, 253, 335, 2, 173, 126, 0, 155, 474, 2,[(155, 474, 308, 474, 308, 175, 155, 175, 155, 474)] 
893965.png 
012499.png,92, 359, 2, 156, 242, 0, 170, 446, 0, 202, 335, 2, 91, 285, 1, 210, 235, 2, 196, 305, 2, 182, 267, 1, 114, 216, 0, 231, 447, 0, 172, 349, 0, 241, 210, 0, 198, 142, 1, 304, 284, 2, 230, 207, 2,[(91, 285, 304, 285, 304, 284, 91, 284, 91, 285)] 
314488.png 
546821.png,127, 457, 0, 193, 393, 2, 244, 433, 2, 179, 419, 1, 75, 312, 1, 157, 358, 1, 83, 265, 2, 178, 423, 0, 190, 122, 2, 98, 243, 1, 119, 304, 1, 117, 329, 2, 93, 124, 1, 132, 233, 2, 95, 276, 1,[(75, 312, 244, 312, 244, 433, 75, 433, 75, 312)] 
319703.png 
510958.png,110, 342, 2, 184, 297, 1, 195, 369, 1, 172, 300, 0, 134, 412, 0, 161, 402, 2, 168, 421, 0, 172, 336, 2, 112, 298, 0, 153, 365, 0, 149, 317, 2, 125, 402, 0, 125, 363, 0, 135, 409, 0, 171, 302, 1,[(110, 342, 195, 342, 195, 369, 110, 369, 110, 342)] 
105126.png,120, 305, 2, 185, 276, 0, 218, 321, 2, 218, 259, 0, 149, 451, 2, 224, 415, 1, 199, 67, 1, 262, 383, 0, 211, 399, 2, 228, 415, 2, 181, 195, 0, 223, 56, 1, 134, 317, 1, 223, 104, 2, 287, 319, 0,[(120, 305, 287, 305, 287, 319, 120, 319, 120, 305)] 
609620.jpg,172, 235, 1, 91, 52, 2, 154, 382, 2, 186, 432, 2, 248, 251, 0, 226, 265, 1, 219, 311, 0, 157, 350, 0, 129, 154, 0, 276, 131, 0, 192, 76, 0, 182, 365, 0, 79, 222, 1, 101, 84, 2, 249, 457, 1,[(79, 222, 276, 222, 276, 131, 79, 131, 79, 222)] 
404058.png,159, 289, 1, 200, 256, 0, 234, 263, 1, 217, 405, 1, 138, 277, 1, 163, 211, 2, 199, 171, 2, 195, 379, 1, 115, 407, 0, 179, 299, 1, 182, 297, 1, 188, 205, 1, 194, 238, 1, 193, 176, 1, 148, 183, 0,[(115, 407, 234, 407, 234, 263, 115, 263, 115, 407)] 
926239.png 
914737.jpg,98, 253, 2, 118, 261, 1, 99, 214, 1, 85, 192, 1, 71, 211, 2, 105, 269, 2, 81, 313, 2, 84, 167, 2, 123, 265, 1, 132, 169, 2, 94, 323, 2, 84, 205, 0, 139, 214, 2, 80, 208, 0, 88, 329, 0,[(71, 211, 139, 211, 139, 214, 71, 214, 71, 211)] 
838266.jpg,176, 114, 0, 172, 254, 1, 163, 124, 1, 247, 227, 0, 154, 324, 0, 106, 445, 1, 260, 299, 1, 182, 197, 1, 180, 103, 0, 263, 420, 1, 158, 279, 0, 174, 281, 1, 173, 249, 1, 173, 402, 1, 136, 404, 0,[(106, 445, 263, 445, 263, 420, 106, 420, 106, 445)] 
779547.png,247, 238, 1, 202, 186, 2, 97, 183, 2, 199, 198, 1, 254, 202, 2, 139, 215, 1, 186, 152, 2, 273, 68, 1, 244, 187, 1, 238, 132, 0, 257, 113, 0, 167, 125, 1, 222, 82, 1, 212, 217, 1, 212, 54, 0,[(97, 183, 273, 183, 273, 68, 97, 68, 97, 183)] 
641647.png,191, 392, 0, 189, 58, 1, 143, 289, 2, 74, 395, 0, 242, 77, 2, 190, 463, 0, 173, 464, 1, 153, 372, 2, 170, 426, 1, 327, 94, 2, 238, 413, 2, 174, 366, 2, 199, 206, 0, 265, 95, 1, 273, 274, 1,[(74, 395, 327, 395, 327, 94, 74, 94, 74, 395)] 
819192.png 
283868.png,194, 80, 1, 218, 79, 2, 274, 150, 2, 215, 246, 0, 87, 126, 0, 147, 132, 1, 131, 183, 2, 227, 215, 2, 189, 95, 1, 229, 121, 0, 173, 161, 0, 267, 238, 2, 156, 79, 2, 244, 185, 0, 181, 244, 0,[(87, 126, 274, 126, 274, 150, 87, 150, 87, 126)] 
842342.jpg,230, 336, 1, 311, 209, 2, 266, 288, 0, 232, 265, 2, 182, 134, 1, 167, 294, 1, 164, 302, 2, 172, 225, 0, 190, 359, 2, 238, 277, 0, 291, 243, 0, 209, 392, 2, 210, 181, 2, 151, 109, 1, 206, 279, 2,[(151, 109, 311, 109, 311, 209, 151, 209, 151, 109)] 
155574.jpg,147, 56, 1, 182, 51, 1, 206, 240, 2, 322, 93, 2, 101, 176, 2, 137, 359, 2, 75, 356, 2, 272, 352, 1, 251, 314, 2, 226, 251, 0, 213, 91, 0, 224, 379, 1, 263, 365, 0, 190, 131, 2, 177, 106, 0,[(75, 356, 322, 356, 322, 93, 75, 93, 75, 356)] 
668137.png 
003640.png 
834021.png,216, 344, 1, 239, 179, 2, 228, 389, 1, 144, 136, 1, 192, 269, 0, 221, 56, 0, 200, 428, 2, 129, 94, 1, 169, 477, 2, 214, 406, 2, 187, 292, 0, 230, 374, 1, 210, 342, 1, 175, 304, 0, 120, 486, 1,[(120, 486, 239, 486, 239, 179, 120, 179, 120, 486)] 
049790.jpg,65, 228, 0, 84, 470, 2, 113, 61, 2, 72, 174, 2, 108, 62, 2, 122, 421, 1, 97, 208, 1, 71, 72, 0, 63, 302, 2, 65, 172, 2, 101, 68, 0, 81, 257, 2, 68, 463, 0, 139, 255, 0, 93, 111, 1,[(63, 302, 139, 302, 139, 255, 63, 255, 63, 302)] 
731747.png,122, 118, 1, 240, 185, 1, 190, 359, 1, 81, 87, 2, 241, 131, 2, 182, 346, 2, 159, 178, 2, 194, 69, 2, 204, 237, 0, 223, 280, 2, 203, 228, 0, 169, 222, 0, 128, 54, 2, 193, 256, 2, 122, 260, 0,[(81, 87, 241, 87, 241, 131, 81, 131, 81, 87)] 
473622.png 
451420.png,202, 392, 1, 133, 313, 1, 301, 390, 2, 237, 288, 0, 169, 280, 0, 256, 379, 1, 175, 464, 0, 181, 74, 1, 191, 388, 0, 253, 280, 0, 181, 469, 0, 167, 354, 1, 244, 387, 2, 188, 282, 2, 184, 358, 1,[(133, 313, 301, 313, 301, 390, 133, 390, 133, 313)] 
040364.png,226, 201, 0, 186, 382, 0, 193, 180, 0, 241, 295, 2, 292, 222, 2, 224, 382, 1, 215, 490, 0, 221, 494, 1, 244, 479, 2, 244, 466, 0, 205, 115, 2, 206, 285, 1, 237, 333, 0, 237, 291, 1, 163, 240, 0,[(163, 240, 292, 240, 292, 222, 163, 222, 163, 240)] 
181012.png,178, 332, 2, 199, 255, 1, 196, 119, 1, 181, 100, 2, 226, 463, 1, 246, 451, 0, 255, 54, 2, 272, 115, 0, 230, 260, 0, 239, 384, 1, 254, 435, 2, 205, 466, 2, 113, 227, 1, 255, 324, 2, 243, 80, 2,[(113, 227, 272, 227, 272, 115, 113, 115, 113, 227)] 
404838.png,231, 204, 2, 204, 380, 0, 156, 337, 1, 186, 361, 0, 154, 425, 0, 231, 211, 1, 193, 239, 2, 211, 463, 2, 257, 183, 2, 230, 244, 2, 218, 218, 0, 268, 194, 0, 196, 292, 2, 227, 186, 1, 151, 483, 2,[(151, 483, 268, 483, 268, 194, 151, 194, 151, 483)] 
346998.jpg,210, 114, 0, 250, 69, 2, 234, 222, 0, 223, 215, 0, 214, 129, 1, 216, 236, 0, 187, 224, 2, 282, 217, 0, 124, 179, 0, 284, 73, 2, 214, 323, 0, 191, 154, 0, 275, 95, 1, 105, 145, 1, 175, 308, 0,[(105, 145, 284, 145, 284, 73, 105, 73, 105, 145)] 
377382.jpg,284, 411, 1, 231, 153, 0, 226, 335, 1, 257, 101, 0, 234, 407, 1, 236, 266, 0, 220, 120, 1, 216, 298, 2, 262, 361, 2, 165, 165, 0, 175, 290, 1, 245, 380, 0, 211, 408, 2, 317, 278, 1, 223, 123, 0,[(165, 165, 317, 165, 317, 278, 165, 278, 165, 165)] 
952076.png,171, 109, 1, 192, 342, 0, 193, 238, 1, 184, 301, 0, 194, 119, 1, 124, 229, 1, 155, 101, 1, 160, 311, 0, 270, 151, 1, 214, 141, 1, 154, 426, 0, 211, 307, 2, 158, 202, 0, 199, 274, 2, 219, 185, 2,[(124, 229, 270, 229, 270, 151, 124, 151, 124, 229)] 
504095.png 
549011.jpg,130, 96, 2, 130, 128, 1, 138, 154, 1, 143, 100, 0, 141, 111, 1, 149, 204, 2, 144, 82, 1, 133, 158, 2, 126, 156, 0, 115, 85, 0, 146, 143, 2, 153, 222, 1, 152, 219, 0, 102, 155, 1, 150, 262, 0,[(102, 155, 153, 155, 153, 222, 102, 222, 102, 155)] 
045753.png 
662425.png,116, 296, 2, 121, 123, 0, 239, 440, 1, 189, 98, 0, 237, 144, 2, 170, 456, 1, 194, 343, 0, 247, 472, 2, 244, 122, 1, 207, 87, 0, 144, 182, 1, 75, 376, 1, 264, 447, 2, 190, 64, 1, 184, 321, 0,[(75, 376, 264, 376, 264, 447, 75, 447, 75, 376)] 
998531.png 
347795.png 
449272.png,298, 317, 0, 133, 114, 0, 97, 409, 1, 208, 348, 2, 174, 462, 1, 168, 455, 1, 283, 414, 1, 141, 117, 0, 55, 174, 2, 136, 289, 2, 259, 453, 1, 187, 128, 2, 123, 383, 1, 211, 283, 0, 164, 54, 2,[(55, 174, 298, 174, 298, 317, 55, 317, 55, 174)] 
175558.png 
482414.jpg,273, 421, 0, 209, 220, 1, 305, 313, 0, 242, 371, 2, 123, 306, 1, 183, 365, 1, 296, 280, 2, 200, 138, 1, 194, 299, 1, 202, 257, 0, 162, 368, 1, 177, 207, 0, 304, 218, 2, 260, 340, 0, 259, 312, 2,[(123, 306, 305, 306, 305, 313, 123, 313, 123, 306)] 
581725.png 
845949.png,157, 291, 0, 212, 125, 2, 213, 487, 2, 200, 99, 1, 182, 88, 1, 240, 336, 1, 284, 267, 1, 237, 263, 2, 203, 187, 2, 181, 372, 2, 230, 358, 2, 163, 373, 1, 239, 190, 1, 175, 440, 1, 249, 369, 2,[(157, 291, 284, 291, 284, 267, 157, 267, 157, 291)] 
834614.png,209, 162, 1, 99, 238, 0, 217, 98, 0, 184, 484, 0, 300, 418, 2, 222, 409, 1, 285, 357, 0, 117, 150, 1, 229, 451, 0, 204, 282, 1, 256, 425, 1, 183, 202, 1, 267, 87, 0, 162, 83, 1, 166, 143, 2,[(99, 238, 300, 238, 300, 418, 99, 418, 99, 238)] 
723147.png 
790432.png 
852567.jpg 
265135.png,209, 227, 0, 137, 383, 2, 141, 353, 2, 305, 321, 0, 244, 319, 0, 172, 168, 0, 205, 239, 1, 288, 134, 0, 195, 254, 1, 130, 98, 1, 157, 410, 2, 143, 345, 0, 205, 332, 2, 234, 454, 2, 194, 253, 2,[(130, 98, 305, 98, 305, 321, 130, 321, 130, 98)] 
931570.png,162, 354, 1, 241, 353, 0, 231, 178, 2, 163, 358, 2, 99, 392, 1, 111, 273, 1, 190, 62, 2, 151, 190, 0, 229, 146, 0, 231, 271, 0, 140, 487, 2, 174, 55, 2, 60, 166, 1, 142, 158, 1, 225, 91, 1,[(60, 166, 241, 166, 241, 353, 60, 353, 60, 166)] 
683246.jpg,220, 121, 0, 162, 384, 1, 149, 145, 0, 279, 254, 2, 290, 104, 1, 200, 200, 2, 225, 454, 0, 264, 418, 2, 180, 92, 2, 217, 205, 0, 132, 222, 0, 215, 120, 1, 102, 378, 1, 251, 218, 1, 215, 307, 1,[(102, 378, 290, 378, 290, 104, 102, 104, 102, 378)] 
760130.png,55, 465, 1, 58, 482, 2, 55, 488, 0, 59, 481, 0, 60, 470, 2, 63, 463, 0, 58, 475, 0, 59, 470, 1, 65, 480, 1, 61, 455, 1, 71, 480, 0, 55, 491, 1, 60, 472, 2, 67, 477, 2, 57, 454, 2,[(55, 465, 71, 465, 71, 480, 55, 480, 55, 465)] 
539372.png,232, 462, 0, 201, 465, 0, 177, 431, 1, 188, 245, 0, 225, 456, 2, 111, 198, 0, 148, 375, 2, 213, 496, 0, 222, 311, 0, 179, 239, 1, 242, 223, 1, 223, 250, 1, 123, 444, 1, 202, 434, 0, 178, 231, 1,[(111, 198, 242, 198, 242, 223, 111, 223, 111, 198)] 
411737.png,148, 358, 1, 142, 329, 0, 205, 494, 0, 250, 190, 0, 125, 344, 0, 285, 442, 2, 150, 295, 1, 145, 285, 2, 61, 135, 1, 218, 99, 0, 159, 65, 1, 87, 286, 2, 176, 68, 2, 85, 172, 1, 190, 174, 2,[(61, 135, 285, 135, 285, 442, 61, 442, 61, 135)] 
352711.png,256, 498, 1, 242, 421, 2, 92, 273, 0, 221, 231, 0, 249, 377, 1, 215, 400, 2, 91, 82, 1, 223, 192, 0, 215, 439, 1, 279, 119, 1, 137, 355, 1, 99, 83, 2, 225, 131, 1, 222, 215, 2, 199, 392, 0,[(91, 82, 279, 82, 279, 119, 91, 119, 91, 82)] 
569063.png,87, 354, 0, 214, 293, 1, 135, 380, 1, 156, 279, 1, 235, 76, 2, 264, 416, 1, 230, 108, 2, 190, 400, 0, 157, 416, 0, 179, 288, 1, 258, 196, 1, 202, 102, 1, 291, 160, 1, 144, 271, 1, 178, 423, 1,[(87, 354, 291, 354, 291, 160, 87, 160, 87, 354)] 
756398.jpg,189, 305, 0, 247, 159, 0, 290, 127, 2, 182, 208, 2, 226, 156, 2, 214, 404, 2, 185, 100, 1, 237, 295, 0, 215, 396, 2, 249, 382, 1, 187, 147, 0, 170, 271, 2, 201, 111, 2, 202, 127, 0, 226, 135, 0,[(170, 271, 290, 271, 290, 127, 170, 127, 170, 271)] 
223135.jpg,146, 107, 1, 204, 400, 0, 230, 184, 2, 208, 245, 1, 170, 71, 2, 185, 285, 2, 186, 69, 0, 194, 82, 2, 246, 346, 2, 300, 190, 2, 149, 310, 2, 211, 260, 1, 276, 333, 1, 185, 97, 2, 229, 320, 2,[(146, 107, 300, 107, 300, 190, 146, 190, 146, 107)] 
