003640.png 
049790.jpg,142, 202, 2, 100, 96, 0, 89, 302, 2, 116, 263, 1, 68, 411, 1, 107, 125, 2, 112, 358, 0, 106, 106, 2, 78, 329, 2, 90, 292, 1, 74, 391, 0, 65, 436, 1, 110, 298, 0, 148, 242, 2, 103, 52, 2,[(65, 436, 148, 436, 148, 242, 65, 242, 65, 436)] 
731747.png,178, 332, 1, 222, 174, 2, 163, 236, 2, 238, 74, 0, 235, 341, 1, 134, 258, 2, 238, 169, 0, 122, 111, 2, 133, 62, 2, 207, 224, 0, 194, 368, 2, 220, 153, 1, 220, 399, 2, 222, 427, 0, 221, 244, 2,[(122, 111, 238, 111, 238, 169, 122, 169, 122, 111)] 
473622.png 
303997.png,137, 189, 0, 227, 158, 0, 213, 91, 2, 264, 197, 2, 210, 246, 0, 88, 224, 2, 223, 90, 1, 247, 114, 2, 201, 209, 0, 222, 123, 2, 292, 200, 1, 178, 334, 1, 208, 210, 0, 260, 75, 0, 151, 275, 0,[(88, 224, 292, 224, 292, 200, 88, 200, 88, 224)] 
794528.png,264, 379, 2, 144, 322, 0, 202, 432, 0, 234, 139, 2, 223, 338, 2, 243, 62, 2, 246, 119, 2, 215, 347, 0, 176, 491, 0, 152, 338, 1, 192, 431, 0, 201, 435, 2, 176, 471, 0, 180, 299, 1, 212, 349, 0,[(144, 322, 264, 322, 264, 379, 144, 379, 144, 322)] 
123869.jpg,215, 146, 1, 151, 439, 2, 231, 169, 0, 241, 131, 1, 211, 243, 1, 207, 175, 2, 232, 158, 2, 175, 84, 1, 207, 159, 1, 183, 196, 0, 192, 219, 0, 157, 392, 0, 231, 371, 0, 234, 386, 2, 190, 411, 1,[(151, 439, 241, 439, 241, 131, 151, 131, 151, 439)] 
083823.png 
682902.png,266, 184, 1, 239, 361, 0, 187, 396, 0, 267, 395, 2, 216, 161, 2, 294, 378, 2, 229, 456, 1, 176, 344, 2, 245, 443, 2, 197, 236, 2, 214, 181, 1, 230, 200, 0, 150, 213, 0, 211, 285, 1, 287, 254, 2,[(150, 213, 294, 213, 294, 378, 150, 378, 150, 213)] 
403277.png 
336738.jpg,225, 383, 2, 135, 118, 2, 192, 420, 1, 196, 88, 0, 168, 444, 2, 248, 398, 1, 149, 177, 2, 303, 343, 2, 257, 182, 0, 187, 207, 0, 244, 118, 0, 138, 366, 2, 163, 344, 1, 238, 162, 1, 105, 138, 2,[(105, 138, 303, 138, 303, 343, 105, 343, 105, 138)] 
354447.png,196, 239, 1, 107, 254, 2, 187, 232, 0, 221, 423, 1, 221, 218, 1, 295, 162, 1, 202, 350, 1, 107, 332, 1, 239, 310, 2, 126, 355, 2, 237, 373, 2, 140, 173, 2, 255, 292, 0, 176, 276, 1, 185, 264, 2,[(107, 254, 295, 254, 295, 162, 107, 162, 107, 254)] 
739196.png,155, 244, 1, 145, 100, 2, 144, 165, 2, 187, 258, 2, 108, 408, 0, 200, 223, 2, 148, 247, 1, 193, 464, 2, 138, 428, 0, 108, 233, 2, 143, 212, 2, 235, 275, 2, 172, 481, 1, 78, 109, 0, 152, 331, 1,[(78, 109, 235, 109, 235, 275, 78, 275, 78, 109)] 
039383.png,254, 320, 2, 132, 248, 0, 283, 141, 1, 142, 140, 0, 208, 347, 2, 154, 96, 1, 192, 269, 2, 159, 209, 0, 292, 153, 1, 80, 262, 1, 171, 398, 1, 176, 69, 2, 252, 291, 2, 186, 290, 0, 177, 433, 0,[(80, 262, 292, 262, 292, 153, 80, 153, 80, 262)] 
617674.png 
939658.png 
080202.png,262, 450, 2, 158, 476, 0, 278, 360, 0, 100, 248, 0, 167, 463, 1, 99, 304, 0, 217, 297, 1, 243, 422, 2, 87, 124, 2, 179, 230, 0, 193, 321, 1, 109, 111, 2, 180, 373, 1, 178, 84, 1, 212, 157, 0,[(87, 124, 278, 124, 278, 360, 87, 360, 87, 124)] 
457481.png,273, 243, 0, 241, 279, 0, 202, 440, 1, 178, 423, 0, 205, 313, 0, 270, 191, 1, 299, 307, 1, 199, 170, 0, 193, 290, 0, 204, 172, 1, 158, 467, 0, 179, 411, 2, 265, 406, 2, 202, 211, 1, 178, 423, 0,[(158, 467, 299, 467, 299, 307, 158, 307, 158, 467)] 
743881.png 
397023.png 
529922.jpg,257, 469, 0, 156, 438, 2, 236, 169, 2, 307, 290, 0, 83, 210, 2, 274, 352, 0, 294, 325, 1, 222, 425, 0, 239, 368, 2, 250, 360, 0, 89, 377, 2, 269, 92, 2, 187, 167, 1, 273, 263, 2, 201, 203, 2,[(83, 210, 307, 210, 307, 290, 83, 290, 83, 210)] 
128002.jpg,100, 341, 1, 226, 220, 0, 192, 303, 0, 225, 277, 2, 251, 158, 2, 291, 151, 1, 162, 195, 2, 209, 315, 2, 177, 179, 1, 212, 207, 0, 110, 222, 1, 198, 186, 2, 262, 203, 1, 220, 194, 1, 273, 178, 2,[(100, 341, 291, 341, 291, 151, 100, 151, 100, 341)] 
453774.jpg,325, 393, 0, 325, 393, 0, 325, 393, 0, 325, 393, 0, 325, 393, 0, 325, 393, 0, 325, 393, 0, 325, 393, 0, 325, 393, 0, 325, 393, 0, 325, 393, 0, 325, 393, 0, 325, 393, 0, 325, 393, 0, 325, 393, 0,[(325, 393, 325, 393, 325, 393, 325, 393, 325, 393)] 
469258.png,200, 222, 1, 128, 159, 2, 227, 310, 0, 165, 143, 2, 180, 345, 2, 251, 379, 1, 162, 198, 2, 232, 148, 0, 217, 230, 2, 230, 159, 0, 202, 392, 2, 211, 86, 2, 179, 84, 0, 244, 340, 0, 218, 157, 1,[(128, 159, 251, 159, 251, 379, 128, 379, 128, 159)] 
549397.png 
423418.png,177, 90, 0, 142, 232, 1, 179, 241, 0, 73, 158, 1, 125, 137, 0, 77, 150, 1, 117, 231, 0, 131, 224, 1, 179, 137, 0, 159, 217, 2, 136, 196, 2, 129, 256, 1, 127, 221, 2, 102, 154, 0, 140, 179, 0,[(73, 158, 179, 158, 179, 241, 73, 241, 73, 158)] 
313940.png 
734108.jpg,263, 333, 2, 214, 202, 0, 241, 114, 2, 252, 384, 2, 188, 300, 0, 189, 121, 1, 191, 224, 1, 259, 297, 1, 301, 226, 2, 150, 335, 0, 248, 341, 2, 266, 120, 1, 229, 405, 0, 266, 258, 0, 241, 284, 1,[(150, 335, 301, 335, 301, 226, 150, 226, 150, 335)] 
512448.png,216, 190, 0, 204, 215, 0, 197, 244, 0, 178, 303, 0, 214, 267, 1, 211, 243, 1, 307, 189, 0, 213, 243, 1, 198, 202, 1, 208, 202, 0, 164, 186, 0, 192, 245, 2, 169, 182, 0, 160, 285, 2, 123, 249, 1,[(123, 249, 307, 249, 307, 189, 123, 189, 123, 249)] 
927167.png,154, 286, 1, 200, 229, 1, 86, 198, 1, 170, 208, 0, 171, 329, 2, 237, 322, 1, 227, 364, 1, 218, 423, 1, 147, 343, 1, 177, 353, 2, 123, 333, 1, 198, 405, 0, 174, 446, 0, 149, 188, 2, 133, 120, 0,[(86, 198, 237, 198, 237, 322, 86, 322, 86, 198)] 
154048.png 
222023.png,147, 202, 2, 152, 420, 1, 208, 455, 0, 181, 424, 2, 213, 261, 1, 276, 238, 0, 259, 307, 0, 233, 260, 0, 204, 253, 0, 141, 429, 0, 269, 291, 1, 223, 387, 1, 243, 115, 2, 299, 294, 2, 146, 102, 2,[(141, 429, 299, 429, 299, 294, 141, 294, 141, 429)] 
893965.png 
012499.png,261, 405, 2, 285, 311, 2, 197, 227, 0, 95, 278, 2, 184, 220, 2, 165, 437, 1, 229, 152, 0, 234, 220, 0, 199, 158, 2, 197, 221, 0, 240, 172, 1, 146, 118, 1, 150, 216, 2, 151, 60, 0, 273, 278, 1,[(95, 278, 285, 278, 285, 311, 95, 311, 95, 278)] 
314488.png 
546821.png,211, 488, 0, 251, 484, 0, 113, 75, 0, 161, 329, 2, 250, 375, 1, 271, 292, 2, 159, 255, 0, 224, 191, 0, 137, 202, 0, 266, 209, 1, 147, 487, 0, 154, 490, 1, 206, 410, 0, 101, 181, 2, 189, 260, 1,[(101, 181, 271, 181, 271, 292, 101, 292, 101, 181)] 
319703.png 
510958.png,175, 404, 0, 168, 326, 1, 144, 298, 0, 174, 363, 2, 134, 377, 1, 138, 412, 0, 142, 386, 1, 126, 335, 0, 99, 364, 2, 180, 352, 1, 166, 398, 0, 158, 322, 0, 130, 390, 1, 149, 387, 2, 111, 304, 0,[(99, 364, 180, 364, 180, 352, 99, 352, 99, 364)] 
105126.png,112, 104, 1, 138, 140, 1, 182, 198, 1, 166, 352, 1, 170, 219, 2, 192, 234, 1, 181, 323, 2, 289, 96, 2, 212, 260, 0, 233, 328, 2, 205, 75, 2, 153, 479, 1, 221, 483, 2, 153, 139, 0, 282, 430, 1,[(112, 104, 289, 104, 289, 96, 112, 96, 112, 104)] 
609620.jpg,156, 310, 2, 215, 234, 1, 160, 54, 0, 127, 204, 2, 242, 239, 0, 217, 72, 0, 129, 448, 0, 171, 318, 1, 193, 85, 1, 211, 488, 1, 101, 286, 0, 225, 457, 0, 301, 80, 2, 208, 99, 1, 288, 53, 2,[(101, 286, 301, 286, 301, 80, 101, 80, 101, 286)] 
404058.png,153, 130, 1, 190, 240, 1, 153, 242, 1, 180, 287, 0, 162, 296, 1, 193, 248, 1, 187, 465, 2, 197, 217, 1, 227, 313, 1, 176, 294, 0, 188, 260, 2, 155, 236, 1, 221, 334, 1, 274, 306, 2, 155, 280, 2,[(153, 130, 274, 130, 274, 306, 153, 306, 153, 130)] 
926239.png 
914737.jpg,104, 267, 1, 80, 103, 2, 122, 80, 2, 79, 110, 1, 74, 115, 0, 64, 244, 2, 72, 215, 1, 117, 124, 0, 123, 123, 1, 133, 262, 2, 118, 254, 2, 141, 225, 1, 120, 139, 2, 117, 61, 0, 123, 105, 0,[(64, 244, 141, 244, 141, 225, 64, 225, 64, 244)] 
838266.jpg,80, 338, 0, 228, 207, 1, 141, 335, 0, 266, 252, 2, 247, 293, 1, 187, 92, 0, 119, 335, 1, 184, 108, 2, 147, 186, 2, 160, 245, 0, 227, 98, 0, 245, 176, 2, 110, 417, 1, 139, 312, 2, 124, 121, 1,[(80, 338, 266, 338, 266, 252, 80, 252, 80, 338)] 
779547.png,186, 93, 1, 207, 165, 2, 189, 206, 2, 263, 157, 1, 90, 133, 1, 237, 121, 0, 106, 138, 2, 105, 158, 0, 226, 71, 2, 144, 121, 1, 154, 123, 1, 173, 111, 0, 177, 206, 1, 207, 230, 2, 161, 216, 0,[(90, 133, 263, 133, 263, 157, 90, 157, 90, 133)] 
641647.png,196, 142, 1, 115, 378, 1, 240, 377, 0, 139, 263, 2, 133, 389, 1, 216, 55, 2, 257, 488, 0, 104, 311, 1, 274, 220, 2, 232, 291, 1, 205, 162, 2, 129, 66, 2, 99, 433, 1, 135, 472, 2, 157, 373, 2,[(99, 433, 274, 433, 274, 220, 99, 220, 99, 433)] 
819192.png 
283868.png,163, 58, 1, 176, 187, 2, 235, 251, 0, 141, 99, 2, 125, 117, 0, 161, 119, 2, 138, 224, 0, 174, 234, 2, 185, 99, 2, 205, 213, 0, 198, 183, 0, 172, 211, 2, 195, 201, 1, 269, 164, 0, 205, 196, 0,[(125, 117, 269, 117, 269, 164, 125, 164, 125, 117)] 
842342.jpg,167, 243, 1, 198, 177, 0, 185, 159, 2, 204, 121, 0, 161, 60, 0, 230, 341, 2, 190, 285, 2, 224, 277, 0, 234, 297, 2, 228, 228, 1, 264, 372, 0, 274, 180, 1, 171, 166, 1, 167, 311, 2, 200, 117, 1,[(161, 60, 274, 60, 274, 180, 161, 180, 161, 60)] 
155574.jpg,203, 57, 2, 105, 418, 2, 121, 169, 2, 243, 231, 0, 111, 335, 2, 162, 149, 2, 81, 268, 2, 254, 360, 1, 190, 61, 1, 165, 105, 1, 108, 459, 2, 235, 316, 2, 124, 230, 0, 137, 391, 0, 178, 281, 1,[(81, 268, 254, 268, 254, 360, 81, 360, 81, 268)] 
668137.png 
834021.png,200, 403, 1, 246, 472, 2, 221, 85, 2, 277, 440, 2, 141, 297, 2, 271, 355, 1, 203, 466, 1, 125, 446, 1, 134, 418, 0, 216, 327, 1, 230, 369, 1, 144, 348, 1, 127, 422, 1, 204, 231, 1, 291, 72, 1,[(125, 446, 291, 446, 291, 72, 125, 72, 125, 446)] 
451420.png,219, 295, 1, 213, 297, 2, 207, 244, 2, 221, 392, 0, 173, 341, 0, 306, 436, 1, 256, 460, 1, 179, 70, 2, 173, 474, 2, 173, 303, 2, 174, 260, 0, 192, 461, 2, 296, 464, 1, 142, 349, 1, 248, 316, 2,[(142, 349, 306, 349, 306, 436, 142, 436, 142, 349)] 
040364.png,232, 492, 2, 186, 372, 2, 249, 212, 0, 214, 156, 2, 90, 396, 2, 228, 398, 0, 206, 276, 1, 174, 233, 0, 201, 449, 2, 280, 251, 1, 284, 329, 2, 230, 233, 2, 264, 155, 1, 217, 414, 2, 158, 488, 0,[(90, 396, 284, 396, 284, 329, 90, 329, 90, 396)] 
181012.png,183, 231, 0, 202, 132, 1, 84, 144, 0, 73, 198, 1, 253, 240, 1, 177, 447, 0, 135, 72, 0, 199, 215, 2, 218, 380, 0, 188, 386, 1, 284, 237, 1, 151, 63, 2, 249, 107, 1, 239, 367, 0, 129, 258, 1,[(73, 198, 284, 198, 284, 237, 73, 237, 73, 198)] 
404838.png,171, 490, 2, 130, 378, 2, 241, 224, 2, 194, 284, 0, 245, 212, 1, 241, 289, 0, 198, 223, 2, 225, 182, 1, 208, 455, 2, 207, 389, 1, 151, 491, 2, 130, 419, 0, 184, 397, 1, 200, 375, 1, 202, 198, 2,[(130, 378, 245, 378, 245, 212, 130, 212, 130, 378)] 
346998.jpg,222, 265, 2, 195, 341, 1, 203, 189, 2, 232, 126, 1, 210, 315, 0, 125, 220, 2, 223, 214, 0, 257, 267, 0, 250, 229, 2, 130, 201, 2, 212, 243, 0, 218, 262, 2, 218, 201, 1, 208, 200, 2, 191, 297, 0,[(125, 220, 257, 220, 257, 267, 125, 267, 125, 220)] 
377382.jpg,256, 407, 0, 214, 190, 2, 210, 389, 2, 256, 343, 0, 160, 424, 0, 201, 126, 0, 195, 305, 2, 219, 312, 2, 214, 232, 0, 227, 220, 2, 303, 182, 2, 129, 383, 1, 230, 129, 1, 203, 277, 0, 200, 258, 2,[(129, 383, 303, 383, 303, 182, 129, 182, 129, 383)] 
952076.png,104, 71, 0, 268, 433, 2, 91, 364, 1, 239, 255, 2, 189, 86, 0, 200, 424, 2, 61, 276, 2, 173, 159, 1, 68, 302, 1, 157, 294, 2, 185, 183, 2, 154, 325, 0, 304, 285, 0, 139, 200, 2, 206, 347, 0,[(61, 276, 304, 276, 304, 285, 61, 285, 61, 276)] 
504095.png 
549011.jpg,160, 194, 1, 160, 99, 1, 169, 130, 1, 158, 94, 2, 137, 120, 2, 153, 196, 1, 162, 138, 0, 139, 90, 2, 164, 106, 2, 145, 217, 0, 129, 128, 0, 128, 166, 1, 147, 236, 0, 133, 107, 1, 112, 129, 2,[(112, 129, 169, 129, 169, 130, 112, 130, 112, 129)] 
045753.png 
662425.png,105, 147, 1, 184, 56, 1, 189, 248, 2, 225, 353, 1, 138, 350, 0, 151, 398, 0, 146, 476, 1, 240, 331, 1, 189, 465, 1, 283, 427, 1, 95, 142, 1, 109, 275, 2, 174, 204, 2, 241, 491, 2, 134, 420, 0,[(95, 142, 283, 142, 283, 427, 95, 427, 95, 142)] 
998531.png 
347795.png 
449272.png,221, 99, 2, 146, 434, 0, 177, 343, 0, 295, 409, 2, 182, 62, 1, 194, 299, 1, 291, 263, 1, 181, 55, 0, 83, 291, 1, 120, 168, 1, 105, 382, 0, 103, 88, 2, 199, 314, 0, 212, 128, 0, 270, 141, 1,[(83, 291, 295, 291, 295, 409, 83, 409, 83, 291)] 
175558.png 
482414.jpg,223, 382, 2, 180, 299, 1, 218, 355, 1, 150, 368, 0, 271, 288, 2, 228, 372, 1, 234, 282, 1, 290, 404, 1, 192, 235, 1, 189, 335, 0, 209, 396, 1, 183, 185, 2, 248, 117, 0, 208, 242, 0, 188, 354, 0,[(150, 368, 290, 368, 290, 404, 150, 404, 150, 368)] 
581725.png 
845949.png,160, 75, 1, 209, 347, 0, 144, 315, 1, 226, 493, 1, 209, 283, 0, 194, 342, 2, 248, 189, 2, 204, 71, 0, 136, 230, 0, 145, 284, 2, 253, 345, 0, 144, 237, 1, 194, 99, 0, 185, 225, 0, 102, 207, 1,[(102, 207, 253, 207, 253, 345, 102, 345, 102, 207)] 
834614.png,165, 393, 2, 162, 101, 1, 130, 331, 1, 302, 187, 2, 142, 91, 0, 248, 147, 2, 287, 405, 2, 231, 317, 1, 177, 218, 1, 85, 287, 1, 148, 280, 0, 192, 413, 1, 180, 244, 1, 173, 198, 2, 189, 96, 2,[(85, 287, 302, 287, 302, 187, 85, 187, 85, 287)] 
723147.png 
790432.png 
852567.jpg 
265135.png,201, 297, 1, 254, 352, 2, 120, 366, 0, 231, 75, 1, 117, 84, 1, 185, 186, 1, 159, 445, 2, 271, 466, 2, 173, 106, 2, 207, 91, 2, 191, 117, 2, 178, 171, 2, 313, 354, 2, 143, 331, 1, 180, 123, 1,[(117, 84, 313, 84, 313, 354, 117, 354, 117, 84)] 
931570.png,261, 351, 2, 168, 150, 2, 235, 245, 0, 210, 272, 0, 214, 114, 1, 152, 424, 0, 106, 96, 1, 167, 123, 0, 201, 333, 1, 160, 179, 2, 213, 104, 0, 177, 148, 0, 142, 230, 2, 175, 183, 2, 116, 438, 0,[(106, 96, 261, 96, 261, 351, 106, 351, 106, 96)] 
683246.jpg,145, 357, 2, 151, 453, 2, 173, 278, 2, 254, 150, 1, 108, 326, 1, 137, 487, 2, 194, 445, 2, 251, 310, 0, 162, 189, 1, 132, 103, 2, 309, 300, 0, 165, 227, 2, 168, 74, 2, 147, 457, 2, 203, 447, 2,[(108, 326, 309, 326, 309, 300, 108, 300, 108, 326)] 
760130.png,60, 470, 2, 60, 466, 1, 63, 459, 1, 60, 455, 2, 56, 473, 1, 61, 484, 2, 61, 455, 2, 62, 478, 0, 64, 458, 1, 58, 470, 2, 55, 486, 1, 61, 454, 1, 58, 470, 2, 59, 490, 1, 62, 459, 0,[(55, 486, 64, 486, 64, 458, 55, 458, 55, 486)] 
539372.png,215, 220, 0, 128, 308, 2, 215, 417, 2, 239, 497, 1, 210, 242, 0, 167, 294, 2, 186, 143, 1, 176, 255, 0, 191, 450, 1, 124, 224, 2, 198, 442, 0, 180, 245, 1, 172, 294, 0, 135, 172, 2, 193, 207, 1,[(124, 224, 239, 224, 239, 497, 124, 497, 124, 224)] 
411737.png,259, 65, 0, 127, 209, 2, 275, 385, 1, 208, 217, 1, 197, 133, 2, 314, 393, 0, 301, 141, 2, 292, 187, 0, 116, 116, 0, 150, 367, 2, 156, 403, 2, 139, 254, 0, 185, 178, 0, 116, 303, 1, 262, 314, 0,[(116, 116, 314, 116, 314, 393, 116, 393, 116, 116)] 
352711.png,191, 213, 1, 202, 111, 1, 206, 203, 0, 186, 234, 2, 165, 470, 0, 240, 355, 1, 249, 444, 2, 238, 239, 1, 158, 436, 2, 229, 107, 0, 253, 269, 1, 217, 106, 0, 314, 287, 0, 144, 293, 0, 215, 257, 2,[(144, 293, 314, 293, 314, 287, 144, 287, 144, 293)] 
569063.png,293, 115, 0, 157, 258, 0, 203, 362, 1, 137, 242, 1, 283, 202, 0, 163, 416, 2, 196, 352, 1, 125, 108, 0, 182, 160, 1, 222, 263, 1, 137, 88, 1, 128, 487, 1, 73, 221, 2, 118, 471, 2, 179, 482, 1,[(73, 221, 293, 221, 293, 115, 73, 115, 73, 221)] 
756398.jpg,327, 323, 0, 252, 87, 0, 281, 265, 1, 295, 405, 0, 214, 297, 1, 239, 108, 0, 201, 197, 1, 222, 340, 2, 243, 224, 0, 225, 276, 1, 287, 386, 1, 201, 217, 1, 240, 184, 0, 181, 287, 0, 218, 331, 0,[(181, 287, 327, 287, 327, 323, 181, 323, 181, 287)] 
223135.jpg,228, 162, 0, 287, 264, 1, 187, 299, 2, 199, 256, 2, 200, 303, 0, 221, 295, 1, 269, 293, 2, 155, 284, 2, 166, 297, 1, 183, 61, 0, 256, 382, 0, 223, 307, 2, 205, 105, 1, 138, 321, 2, 320, 300, 0,[(138, 321, 320, 321, 320, 300, 138, 300, 138, 321)] 
